E:\keras-yolo3/VOCdevkit/VOC2007/JPEGImages/114.jpg 35,513,144,604,0 213,514,325,605,0 393,512,505,604,0 571,512,685,604,0 33,349,144,441,0 212,346,324,440,0 573,348,685,440,0 303,182,413,278,0
E:\keras-yolo3/VOCdevkit/VOC2007/JPEGImages/117.jpg 303,220,416,317,0 31,386,145,481,0 211,384,325,481,0 572,388,685,480,0 31,552,149,642,0 208,546,335,649,0 392,548,509,645,0 569,549,696,649,0
E:\keras-yolo3/VOCdevkit/VOC2007/JPEGImages/118.jpg 300,222,416,316,0 33,386,147,481,0 211,382,328,482,0 573,385,684,482,0 32,549,145,646,0 211,545,340,648,0 393,550,507,646,0 573,545,692,650,0
E:\keras-yolo3/VOCdevkit/VOC2007/JPEGImages/120.jpg 304,224,416,314,0 29,385,148,480,0 204,380,331,482,0 577,386,684,477,0 35,550,144,644,0 209,549,332,650,0 397,553,504,644,0 571,549,695,650,0
E:\keras-yolo3/VOCdevkit/VOC2007/JPEGImages/122.jpg 297,221,419,317,0 33,381,148,480,0 205,381,328,481,0 571,382,687,482,0 29,550,149,644,0 392,549,505,645,0 573,542,693,648,0
E:\keras-yolo3/VOCdevkit/VOC2007/JPEGImages/127.jpg 307,221,416,318,0 32,390,148,484,0 572,389,688,481,0 35,548,147,644,0 392,552,509,642,0 569,545,695,650,0
E:\keras-yolo3/VOCdevkit/VOC2007/JPEGImages/132.jpg 301,221,416,316,0 569,384,684,480,0 563,542,691,648,0 31,545,149,645,0 383,544,523,653,0 29,388,149,481,0
E:\keras-yolo3/VOCdevkit/VOC2007/JPEGImages/135.jpg 33,388,145,481,0
E:\keras-yolo3/VOCdevkit/VOC2007/JPEGImages/136.jpg 33,386,149,478,0
E:\keras-yolo3/VOCdevkit/VOC2007/JPEGImages/325.jpg 305,185,413,273,0 36,348,144,438,0 216,348,321,440,0 388,342,513,444,0 579,346,685,438,0 36,512,141,601,0 213,512,323,604,0
E:\keras-yolo3/VOCdevkit/VOC2007/JPEGImages/649.jpg 303,226,413,312,0 31,390,141,480,0 217,388,323,477,0 393,386,505,482,0 572,389,683,480,0
E:\keras-yolo3/VOCdevkit/VOC2007/JPEGImages/654.jpg 296,224,420,314,0 23,381,159,486,0 208,385,325,480,0 388,385,519,486,0 572,382,695,484,0
E:\keras-yolo3/VOCdevkit/VOC2007/JPEGImages/660.jpg 305,224,413,316,0 393,388,509,485,0 217,390,327,481,0 25,384,148,484,0
E:\keras-yolo3/VOCdevkit/VOC2007/JPEGImages/661.jpg 309,225,409,312,0 29,382,145,484,0 219,389,323,477,0 393,388,504,486,0
E:\keras-yolo3/VOCdevkit/VOC2007/JPEGImages/663.jpg 307,224,416,316,0 27,380,152,488,0 216,389,323,478,0 396,389,505,485,0
E:\keras-yolo3/VOCdevkit/VOC2007/JPEGImages/665.jpg 304,225,412,316,0 395,389,505,484,0 215,390,324,476,0 29,384,148,485,0
E:\keras-yolo3/VOCdevkit/VOC2007/JPEGImages/667.jpg 307,224,412,316,0 392,388,508,486,0 213,388,325,477,0 31,381,147,486,0
E:\keras-yolo3/VOCdevkit/VOC2007/JPEGImages/676.jpg 308,222,416,318,0 388,386,504,482,0 217,390,323,480,0 31,378,145,485,0
E:\keras-yolo3/VOCdevkit/VOC2007/JPEGImages/677.jpg 305,226,417,314,0 393,382,509,485,0 212,386,324,477,0 29,377,145,486,0
E:\keras-yolo3/VOCdevkit/VOC2007/JPEGImages/678.jpg 303,226,417,310,0 389,382,504,485,0 28,382,143,484,0
E:\keras-yolo3/VOCdevkit/VOC2007/JPEGImages/681.jpg 308,221,416,318,0 25,376,147,485,0
E:\keras-yolo3/VOCdevkit/VOC2007/JPEGImages/682.jpg 307,221,411,314,0 29,384,148,489,0
E:\keras-yolo3/VOCdevkit/VOC2007/JPEGImages/905.jpg 301,225,408,312,0 392,385,507,478,0 389,549,508,641,0 213,385,327,482,0 211,549,329,644,0 35,385,147,480,0 35,546,147,645,0
E:\keras-yolo3/VOCdevkit/VOC2007/JPEGImages/911.jpg 308,225,411,312,0 219,393,320,474,0 391,546,503,641,0 216,556,323,641,0 24,378,157,488,0 37,556,143,641,0
E:\keras-yolo3/VOCdevkit/VOC2007/JPEGImages/912.jpg 309,225,409,314,0 389,545,504,642,0 215,392,320,477,0 215,553,320,644,0 20,377,160,486,0 37,556,141,645,0
E:\keras-yolo3/VOCdevkit/VOC2007/JPEGImages/913.jpg 304,225,413,317,0 381,541,504,650,0 216,390,323,481,0 217,550,323,642,0 19,378,159,486,0 32,550,148,641,0
E:\keras-yolo3/VOCdevkit/VOC2007/JPEGImages/917.jpg 307,225,412,310,0 389,545,504,640,0 216,390,323,473,0 216,554,323,638,0 24,378,151,489,0 37,553,143,642,0
E:\keras-yolo3/VOCdevkit/VOC2007/JPEGImages/920.jpg 307,224,416,317,0 216,390,321,473,0 388,548,503,640,0 216,553,321,640,0 25,380,163,486,0 35,553,145,641,0
E:\keras-yolo3/VOCdevkit/VOC2007/JPEGImages/921.jpg 304,226,415,317,0 384,545,503,644,0 219,390,319,474,0 215,556,319,640,0 24,382,159,486,0 37,553,140,640,0
E:\keras-yolo3/VOCdevkit/VOC2007/JPEGImages/922.jpg 303,228,417,313,0 387,545,503,641,0 216,389,324,480,0 213,554,325,641,0 19,385,161,488,0 37,554,147,640,0
E:\keras-yolo3/VOCdevkit/VOC2007/JPEGImages/923.jpg 307,225,416,313,0 387,545,503,642,0 217,392,321,480,0 219,554,325,640,0 28,381,161,489,0 33,557,145,644,0
E:\keras-yolo3/VOCdevkit/VOC2007/JPEGImages/925.jpg 305,221,413,320,0 391,540,501,640,0 217,390,325,476,0 212,553,321,641,0 39,554,137,640,0
E:\keras-yolo3/VOCdevkit/VOC2007/JPEGImages/928.jpg 307,226,413,314,0 391,545,504,640,0 215,553,323,645,0 32,554,144,642,0
E:\keras-yolo3/VOCdevkit/VOC2007/JPEGImages/929.jpg 305,224,411,316,0 388,548,508,645,0 219,557,323,642,0 35,553,147,644,0
E:\keras-yolo3/VOCdevkit/VOC2007/JPEGImages/935.jpg 304,225,413,316,0 389,542,507,646,0
E:\keras-yolo3/VOCdevkit/VOC2007/JPEGImages/938.jpg 301,222,417,318,0
